3 0.469531 0.368056 0.0109375 0.0194444
3 0.435156 0.370833 0.0109375 0.025
3 0.401563 0.386806 0.01875 0.0513889
3 0.475 0.378472 0.0109375 0.0236111
3 0.430469 0.375694 0.0109375 0.0291667
3 0.424219 0.378472 0.0140625 0.0347222
3 0.486719 0.381944 0.015625 0.0305556
3 0.494531 0.384722 0.015625 0.0361111
3 0.410937 0.38125 0.021875 0.0458333
3 0.0148437 0.611111 0.0296875 0.288889
3 0.506641 0.388194 0.0195312 0.0513889
3 0.384375 0.3875 0.03125 0.075
3 0.525 0.391667 0.040625 0.0666667
3 0.352734 0.391667 0.0632813 0.111111
3 0.551562 0.402083 0.04375 0.0819444
3 0.589063 0.409722 0.0734375 0.130556
3 0.264062 0.409722 0.170312 0.205556
3 0.748828 0.388889 0.278906 0.388889
3 0.13125 0.477778 0.2625 0.283333
