3 0.141406 0.520833 0.0984375 0.0972222
3 0.329297 0.491667 0.0382813 0.05
3 0.436719 0.484028 0.021875 0.0291667
3 0.459375 0.477778 0.01875 0.025
3 0.623047 0.486806 0.0226563 0.0513889
3 0.417969 0.483333 0.021875 0.0361111
3 0.594141 0.471528 0.0195312 0.0347222
3 0.357812 0.492361 0.04375 0.0458333
3 0.608594 0.477083 0.0203125 0.0402778
3 0.638281 0.494444 0.0296875 0.0666667
3 0.0519531 0.53125 0.103906 0.123611
3 0.394141 0.485417 0.0304688 0.0430556
3 0.667969 0.492361 0.0546875 0.106944
3 0.514063 0.48125 0.034375 0.0486111
3 0.558594 0.477778 0.0265625 0.0388889
3 0.230469 0.501389 0.0796875 0.0833333
3 0.288672 0.501389 0.0445312 0.0611111
3 0.733203 0.495139 0.125781 0.165278
3 0.865625 0.548611 0.267188 0.244444
