3 0.326172 0.365972 0.0132813 0.0208333
3 0.523047 0.366667 0.0132813 0.0222222
3 0.123828 0.354861 0.0242187 0.0236111
3 0.377734 0.364583 0.0179687 0.0180556
3 0.267578 0.3625 0.0320312 0.0305556
3 0.224219 0.367361 0.0328125 0.0236111
3 0.395703 0.360417 0.0164062 0.0263889
3 0.638281 0.373611 0.021875 0.025
3 0.16875 0.356944 0.04375 0.0361111
3 0.304297 0.365278 0.0335938 0.025
3 0.346875 0.350694 0.0375 0.0513889
3 0.760156 0.382639 0.0484375 0.0652778
3 0.14375 0.365278 0.059375 0.0333333
3 0.533594 0.384722 0.0203125 0.0305556
3 0.419141 0.38125 0.0398437 0.0625
3 0.0804688 0.360417 0.075 0.0486111
3 0.0375 0.343056 0.075 0.0805556
3 0.692187 0.348611 0.090625 0.0916667
3 0.475781 0.397222 0.101562 0.211111
3 0.860156 0.496528 0.279687 0.423611
