3 0.371484 0.4625 0.0367187 0.0388889 0.359863
3 0.464063 0.465972 0.015625 0.0319444 0.537598
3 0.505078 0.467361 0.0179687 0.0291667 0.540527
3 0.196094 0.490278 0.075 0.0805556 0.547852
3 0.549219 0.466667 0.0203125 0.0333333 0.726562
3 0.397266 0.486806 0.0398437 0.0569444 0.73584
3 0.341797 0.502083 0.0601562 0.0763889 0.78418
3 0.435547 0.472917 0.0429688 0.0569444 0.807129
3 0.525781 0.490278 0.0453125 0.0666667 0.883301
3 0.250391 0.516667 0.117969 0.111111 0.908203
3 0.084375 0.543056 0.165625 0.286111 0.956055
