3 0.385938 0.436111 0.034375 0.0388889 0.381104
3 0.171484 0.420833 0.116406 0.0388889 0.484131
3 0.273438 0.454861 0.0375 0.0625 0.572266
3 0.0738281 0.451389 0.0742188 0.0805556 0.713867
3 0.637891 0.429167 0.0835937 0.0638889 0.729492
3 0.241016 0.449306 0.0398437 0.0541667 0.72998
3 0.45625 0.440278 0.05 0.0583333 0.76123
3 0.0417969 0.473611 0.0835937 0.269444 0.883301
3 0.425391 0.458333 0.0914062 0.0888889 0.910645
3 0.328516 0.476389 0.119531 0.127778 0.935547
3 0.539844 0.4125 0.123438 0.136111 0.939941
3 0.168359 0.524306 0.230469 0.220833 0.949707
