3 0.469531 0.368056 0.0109375 0.0194444 0.38916
3 0.435156 0.370833 0.0109375 0.025 0.422363
3 0.401563 0.386806 0.01875 0.0513889 0.428467
3 0.475 0.378472 0.0109375 0.0236111 0.428467
3 0.430469 0.375694 0.0109375 0.0291667 0.521973
3 0.424219 0.378472 0.0140625 0.0347222 0.536621
3 0.486719 0.381944 0.015625 0.0305556 0.556152
3 0.494531 0.384722 0.015625 0.0361111 0.589844
3 0.410937 0.38125 0.021875 0.0458333 0.603516
3 0.0148437 0.611111 0.0296875 0.288889 0.623047
3 0.506641 0.388194 0.0195312 0.0513889 0.634277
3 0.384375 0.3875 0.03125 0.075 0.798828
3 0.525 0.391667 0.040625 0.0666667 0.815918
3 0.352734 0.391667 0.0632813 0.111111 0.820312
3 0.551562 0.402083 0.04375 0.0819444 0.868652
3 0.589063 0.409722 0.0734375 0.130556 0.911133
3 0.264062 0.409722 0.170312 0.205556 0.93457
3 0.748828 0.388889 0.278906 0.388889 0.951172
3 0.13125 0.477778 0.2625 0.283333 0.960449
