3 0.523047 0.564583 0.0226563 0.0263889 0.315186
3 0.511719 0.563194 0.0171875 0.0291667 0.380371
3 0.463281 0.563889 0.0109375 0.0166667 0.38623
3 0.453125 0.568056 0.009375 0.0138889 0.38916
3 0.425 0.575694 0.015625 0.0236111 0.53418
3 0.39375 0.58125 0.0125 0.0208333 0.543945
3 0.444141 0.570833 0.0117188 0.0166667 0.559082
3 0.401953 0.579861 0.0117188 0.0208333 0.559082
3 0.494531 0.558333 0.0140625 0.0222222 0.628418
3 0.382422 0.580556 0.0164062 0.0277778 0.645996
3 0.582422 0.553472 0.0601562 0.0402778 0.770996
3 0.319922 0.606944 0.132031 0.177778 0.94873
3 0.218359 0.571528 0.160156 0.223611 0.952148
